1e-07, 4.89136e-05, 5.25002e-07
3.00999e-05, 9.76626e-05, 2.09334e-06
6.00998e-05, 0.000146407, 4.70542e-06
9.00997e-05, 0.000195146, 8.36159e-06
0.0001201, 0.000243876, 1.30622e-05
0.0001501, 0.000292595, 1.88074e-05
0.000180099, 0.000341302, 2.55975e-05
0.000210099, 0.000389994, 3.34327e-05
0.000240099, 0.000438669, 4.2313e-05
0.000270099, 0.000487325, 5.22386e-05
0.000300099, 0.00053596, 6.32094e-05
0.000330099, 0.000584572, 7.52254e-05
0.000360099, 0.000633159, 8.82865e-05
0.000390099, 0.000681718, 0.000102393
0.000420099, 0.000730248, 0.000117544
0.000450099, 0.000778746, 0.000133739
0.000480098, 0.00082721, 0.000150979
0.000510098, 0.000875639, 0.000169263
0.000540098, 0.000924029, 0.000188591
0.000570098, 0.00097238, 0.000208962
0.000600098, 0.00102069, 0.000230375
0.000630098, 0.00106895, 0.000252831
0.000660098, 0.00111717, 0.000276329
0.000690098, 0.00116534, 0.000300868
0.000720098, 0.00121346, 0.000326447
0.000750097, 0.00126153, 0.000353066
0.000780097, 0.00130954, 0.000380724
0.000810097, 0.00135749, 0.000409421
0.000840097, 0.00140539, 0.000439154
0.000870097, 0.00145323, 0.000469925
0.000900097, 0.001501, 0.000501731
0.000930097, 0.00154871, 0.000534571
0.000960097, 0.00159635, 0.000568445
0.000990097, 0.00164392, 0.000603351
0.0010201, 0.00169142, 0.000639289
0.0010501, 0.00173885, 0.000676257
0.0010801, 0.0017862, 0.000714254
0.0011101, 0.00183347, 0.000753279
0.0011401, 0.00188067, 0.00079333
0.0011701, 0.00192778, 0.000834406
0.0012001, 0.00197481, 0.000876506
0.0012301, 0.00202176, 0.000919628
0.0012601, 0.00206861, 0.000963771
0.0012901, 0.00211538, 0.00100893
0.0013201, 0.00216206, 0.00105511
0.0013501, 0.00220864, 0.00110231
0.0013801, 0.00225513, 0.00115052
0.0014101, 0.00230151, 0.00119974
0.0014401, 0.0023478, 0.00124997
0.0014701, 0.00239399, 0.00130121
0.0015001, 0.00244007, 0.00135346
0.00153009, 0.00248605, 0.00140672
0.00156009, 0.00253192, 0.00146097
0.00159009, 0.00257768, 0.00151623
0.00162009, 0.00262333, 0.00157249
0.00165009, 0.00266887, 0.00162975
0.00168009, 0.00271429, 0.001688
0.00171009, 0.00275959, 0.00174724
0.00174009, 0.00280477, 0.00180747
0.00177009, 0.00284983, 0.00186869
0.00180009, 0.00289477, 0.0019309
0.00183009, 0.00293958, 0.00199409
0.00186009, 0.00298426, 0.00205826
0.00189009, 0.00302882, 0.00212341
0.00192009, 0.00307324, 0.00218954
0.00195009, 0.00311753, 0.00225664
0.00198009, 0.00316169, 0.00232471
0.00201009, 0.00320571, 0.00239375
0.00204009, 0.00324958, 0.00246376
0.00207009, 0.00329332, 0.00253473
0.00210009, 0.00333692, 0.00260666
0.00213009, 0.00338037, 0.00267955
0.00216009, 0.00342367, 0.00275339
0.00219009, 0.00346683, 0.00282818
0.00222009, 0.00350984, 0.00290393
0.00225009, 0.00355269, 0.00298062
0.00228009, 0.00359539, 0.00305825
0.00231009, 0.00363793, 0.00313682
0.00234009, 0.00368032, 0.00321633
0.00237009, 0.00372255, 0.00329677
0.00240009, 0.00376461, 0.00337814
0.00243009, 0.00380651, 0.00346044
0.00246009, 0.00384825, 0.00354367
0.00249009, 0.00388982, 0.00362781
0.00252009, 0.00393122, 0.00371288
0.00255009, 0.00397245, 0.00379885
0.00258009, 0.00401351, 0.00388574
0.00261009, 0.0040544, 0.00397353
0.00264009, 0.00409511, 0.00406223
0.00267009, 0.00413564, 0.00415183
0.00270009, 0.00417599, 0.00424233
0.00273009, 0.00421617, 0.00433371
0.00276009, 0.00425615, 0.00442599
0.00279009, 0.00429596, 0.00451915
0.00282009, 0.00433558, 0.00461319
0.00285009, 0.00437501, 0.00470812
0.00288009, 0.00441425, 0.00480391
0.00291009, 0.0044533, 0.00490058
0.00294009, 0.00449216, 0.00499811
0.00297009, 0.00453082, 0.0050965
0.00300009, 0.00456928, 0.00519575
0.00303009, 0.00460755, 0.00529586
0.00306009, 0.00464562, 0.00539682
0.00309009, 0.00468349, 0.00549862
0.00312009, 0.00472115, 0.00560127
0.00315009, 0.00475861, 0.00570475
0.00318009, 0.00479586, 0.00580907
0.00321009, 0.00483291, 0.00591421
0.00324009, 0.00486975, 0.00602018
0.00327009, 0.00490637, 0.00612697
0.00330009, 0.00494278, 0.00623458
0.00333009, 0.00497898, 0.006343
0.00336009, 0.00501497, 0.00645223
0.00339009, 0.00505073, 0.00656226
0.00342009, 0.00508628, 0.00667309
0.00345009, 0.00512161, 0.00678471
0.00348009, 0.00515671, 0.00689712
0.00351009, 0.00519159, 0.00701032
0.00354009, 0.00522625, 0.0071243
0.00357009, 0.00526068, 0.00723905
0.00360009, 0.00529489, 0.00735457
0.00363009, 0.00532886, 0.00747086
0.00366009, 0.0053626, 0.00758791
0.00369009, 0.00539612, 0.00770571
0.00372009, 0.00542939, 0.00782427
0.00375009, 0.00546244, 0.00794357
0.00378009, 0.00549524, 0.00806362
0.00381009, 0.00552781, 0.0081844
0.00384009, 0.00556014, 0.00830591
0.00387009, 0.00559223, 0.00842815
0.00390009, 0.00562408, 0.00855111
0.00393009, 0.00565569, 0.00867479
0.00396009, 0.00568705, 0.00879917
0.00399009, 0.00571816, 0.00892427
0.00402009, 0.00574903, 0.00905006
0.00405009, 0.00577965, 0.00917655
0.00408009, 0.00581002, 0.00930373
0.00411009, 0.00584014, 0.00943159
0.00414009, 0.00587, 0.00956013
0.00417009, 0.00589961, 0.00968935
0.00420009, 0.00592897, 0.00981923
0.00423009, 0.00595807, 0.00994978
0.00426009, 0.00598692, 0.010081
0.00429009, 0.0060155, 0.0102128
0.00432009, 0.00604383, 0.0103453
0.00435009, 0.0060719, 0.0104785
0.00438009, 0.0060997, 0.0106123
0.00441009, 0.00612724, 0.0107467
0.00444009, 0.00615452, 0.0108817
0.00447009, 0.00618153, 0.0110174
0.00450009, 0.00620827, 0.0111536
0.00453008, 0.00623475, 0.0112905
0.00456008, 0.00626095, 0.011428
0.00459008, 0.00628689, 0.011566
0.00462008, 0.00631256, 0.0117047
0.00465008, 0.00633796, 0.0118439
0.00468008, 0.00636308, 0.0119838
0.00471008, 0.00638793, 0.0121242
0.00474008, 0.0064125, 0.0122651
0.00477008, 0.0064368, 0.0124066
0.00480008, 0.00646082, 0.0125487
0.00483008, 0.00648456, 0.0126913
0.00486008, 0.00650802, 0.0128345
0.00489008, 0.00653121, 0.0129782
0.00492008, 0.00655411, 0.0131224
0.00495008, 0.00657673, 0.0132671
0.00498008, 0.00659907, 0.0134124
0.00501008, 0.00662113, 0.0135582
0.00504008, 0.0066429, 0.0137044
0.00507008, 0.00666438, 0.0138512
0.00510008, 0.00668558, 0.0139985
0.00513008, 0.0067065, 0.0141462
0.00516008, 0.00672712, 0.0142945
0.00519008, 0.00674746, 0.0144432
0.00522008, 0.00676751, 0.0145923
0.00525008, 0.00678726, 0.014742
0.00528008, 0.00680673, 0.014892
0.00531008, 0.00682591, 0.0150426
0.00534008, 0.00684479, 0.0151935
0.00537008, 0.00686338, 0.0153449
0.00540008, 0.00688168, 0.0154968
0.00543008, 0.00689968, 0.015649
0.00546008, 0.00691739, 0.0158017
0.00549008, 0.0069348, 0.0159548
0.00552008, 0.00695192, 0.0161082
0.00555008, 0.00696874, 0.0162621
0.00558008, 0.00698526, 0.0164163
0.00561008, 0.00700148, 0.016571
0.00564008, 0.00701741, 0.016726
0.00567008, 0.00703303, 0.0168814
0.00570008, 0.00704836, 0.0170371
0.00573008, 0.00706339, 0.0171932
0.00576008, 0.00707811, 0.0173496
0.00579008, 0.00709254, 0.0175064
0.00582008, 0.00710666, 0.0176635
0.00585008, 0.00712048, 0.0178209
0.00588008, 0.007134, 0.0179787
0.00591008, 0.00714721, 0.0181367
0.00594008, 0.00716012, 0.0182951
0.00597008, 0.00717273, 0.0184538
0.00600008, 0.00718504, 0.0186127
0.00603008, 0.00719704, 0.018772
0.00606008, 0.00720873, 0.0189315
0.00609008, 0.00722012, 0.0190913
0.00612008, 0.0072312, 0.0192513
0.00615008, 0.00724198, 0.0194116
0.00618008, 0.00725245, 0.0195722
0.00621008, 0.00726262, 0.019733
0.00624008, 0.00727248, 0.019894
0.00627008, 0.00728203, 0.0200552
0.00630008, 0.00729128, 0.0202167
0.00633008, 0.00730021, 0.0203784
0.00636008, 0.00730885, 0.0205403
0.00639008, 0.00731717, 0.0207024
0.00642008, 0.00732518, 0.0208646
0.00645008, 0.00733289, 0.0210271
0.00648008, 0.00734029, 0.0211897
0.00651008, 0.00734738, 0.0213525
0.00654008, 0.00735417, 0.0215155
0.00657008, 0.00736064, 0.0216786
0.00660008, 0.00736681, 0.0218419
0.00663008, 0.00737267, 0.0220053
0.00666008, 0.00737822, 0.0221688
0.00669008, 0.00738347, 0.0223324
0.00672008, 0.0073884, 0.0224962
0.00675008, 0.00739303, 0.0226601
0.00678008, 0.00739735, 0.0228241
0.00681008, 0.00740136, 0.0229881
0.00684008, 0.00740506, 0.0231523
0.00687008, 0.00740846, 0.0233165
0.00690008, 0.00741155, 0.0234808
0.00693008, 0.00741433, 0.0236452
0.00696008, 0.0074168, 0.0238096
0.00699008, 0.00741897, 0.0239741
0.00702008, 0.00742083, 0.0241386
0.00705008, 0.00742238, 0.0243032
0.00708008, 0.00742363, 0.0244678
0.00711008, 0.00742457, 0.0246323
0.00714008, 0.00742521, 0.0247969
0.00717008, 0.00742554, 0.0249615
0.00720008, 0.00742556, 0.0251261
0.00723008, 0.00742528, 0.0252907
0.00726008, 0.0074247, 0.0254553
0.00729008, 0.00742381, 0.0256198
0.00732008, 0.00742262, 0.0257843
0.00735008, 0.00742112, 0.0259488
0.00738008, 0.00741932, 0.0261132
0.00741008, 0.00741722, 0.0262775
0.00744008, 0.00741482, 0.0264418
0.00747008, 0.00741211, 0.026606
0.00750008, 0.00740911, 0.0267701
0.00753007, 0.0074058, 0.0269341
0.00756007, 0.00740219, 0.027098
0.00759007, 0.00739829, 0.0272619
0.00762007, 0.00739408, 0.0274256
0.00765007, 0.00738958, 0.0275891
0.00768007, 0.00738478, 0.0277526
0.00771007, 0.00737968, 0.0279159
0.00774007, 0.00737429, 0.0280791
0.00777007, 0.0073686, 0.0282421
0.00780007, 0.00736262, 0.0284049
0.00783007, 0.00735634, 0.0285676
0.00786007, 0.00734976, 0.0287301
0.00789007, 0.0073429, 0.0288924
0.00792007, 0.00733574, 0.0290546
0.00795007, 0.00732829, 0.0292165
0.00798007, 0.00732055, 0.0293782
0.00801007, 0.00731253, 0.0295397
0.00804007, 0.00730421, 0.029701
0.00807007, 0.0072956, 0.029862
0.00810007, 0.00728671, 0.0300228
0.00813007, 0.00727753, 0.0301834
0.00816007, 0.00726806, 0.0303437
0.00819007, 0.00725831, 0.0305037
0.00822007, 0.00724828, 0.0306635
0.00825007, 0.00723797, 0.0308229
0.00828007, 0.00722737, 0.0309821
0.00831007, 0.00721649, 0.031141
0.00834007, 0.00720533, 0.0312996
0.00837007, 0.0071939, 0.0314579
0.00840007, 0.00718218, 0.0316158
0.00843007, 0.00717019, 0.0317735
0.00846007, 0.00715793, 0.0319308
0.00849007, 0.00714539, 0.0320877
0.00852007, 0.00713257, 0.0322443
0.00855007, 0.00711949, 0.0324006
0.00858007, 0.00710613, 0.0325564
0.00861007, 0.0070925, 0.0327119
0.00864007, 0.00707861, 0.032867
0.00867007, 0.00706444, 0.0330218
0.00870007, 0.00705002, 0.0331761
0.00873007, 0.00703532, 0.03333
0.00876007, 0.00702036, 0.0334835
0.00879007, 0.00700514, 0.0336366
0.00882007, 0.00698966, 0.0337893
0.00885007, 0.00697392, 0.0339415
0.00888007, 0.00695792, 0.0340932
0.00891007, 0.00694167, 0.0342446
0.00894007, 0.00692515, 0.0343954
0.00897007, 0.00690839, 0.0345458
0.00900007, 0.00689137, 0.0346957
0.00903007, 0.0068741, 0.0348451
0.00906007, 0.00685657, 0.0349941
0.00909007, 0.0068388, 0.0351425
0.00912007, 0.00682079, 0.0352904
0.00915007, 0.00680252, 0.0354378
0.00918007, 0.00678401, 0.0355847
0.00921007, 0.00676526, 0.0357311
0.00924007, 0.00674627, 0.0358769
0.00927007, 0.00672704, 0.0360222
0.00930007, 0.00670757, 0.0361669
0.00933007, 0.00668786, 0.036311
0.00936007, 0.00666792, 0.0364546
0.00939007, 0.00664774, 0.0365976
0.00942007, 0.00662733, 0.0367401
0.00945007, 0.0066067, 0.0368819
0.00948007, 0.00658583, 0.0370231
0.00951007, 0.00656474, 0.0371638
0.00954007, 0.00654342, 0.0373038
0.00957007, 0.00652188, 0.0374432
0.00960007, 0.00650011, 0.0375819
0.00963007, 0.00647813, 0.0377201
0.00966007, 0.00645593, 0.0378576
0.00969007, 0.00643351, 0.0379944
0.00972007, 0.00641087, 0.0381306
0.00975007, 0.00638803, 0.0382661
0.00978007, 0.00636497, 0.0384009
0.00981007, 0.0063417, 0.0385351
0.00984007, 0.00631823, 0.0386685
0.00987007, 0.00629455, 0.0388013
0.00990007, 0.00627066, 0.0389334
0.00993007, 0.00624658, 0.0390648
0.00996007, 0.00622229, 0.0391954
0.00999007, 0.0061978, 0.0393253
0.0100201, 0.00617312, 0.0394545
0.0100501, 0.00614825, 0.039583
0.0100801, 0.00612318, 0.0397107
0.0101101, 0.00609792, 0.0398377
0.0101401, 0.00607247, 0.0399639
0.0101701, 0.00604684, 0.0400893
0.0102001, 0.00602102, 0.040214
0.0102301, 0.00599502, 0.0403379
0.0102601, 0.00596883, 0.040461
0.0102901, 0.00594247, 0.0405833
0.0103201, 0.00591594, 0.0407048
0.0103501, 0.00588923, 0.0408256
0.0103801, 0.00586234, 0.0409455
0.0104101, 0.00583529, 0.0410646
0.0104401, 0.00580806, 0.0411828
0.0104701, 0.00578068, 0.0413003
0.0105001, 0.00575312, 0.0414168
0.0105301, 0.00572541, 0.0415326
0.0105601, 0.00569753, 0.0416475
0.0105901, 0.0056695, 0.0417615
0.0106201, 0.00564131, 0.0418747
0.0106501, 0.00561297, 0.041987
0.0106801, 0.00558448, 0.0420985
0.0107101, 0.00555584, 0.042209
0.0107401, 0.00552705, 0.0423187
0.0107701, 0.00549811, 0.0424275
0.0108001, 0.00546904, 0.0425354
0.0108301, 0.00543982, 0.0426424
0.0108601, 0.00541046, 0.0427484
0.0108901, 0.00538097, 0.0428536
0.0109201, 0.00535135, 0.0429578
0.0109501, 0.00532159, 0.0430611
0.0109801, 0.00529171, 0.0431635
0.0110101, 0.0052617, 0.0432649
0.0110401, 0.00523156, 0.0433654
0.0110701, 0.0052013, 0.0434649
0.0111001, 0.00517092, 0.0435635
0.0111301, 0.00514042, 0.0436611
0.0111601, 0.00510981, 0.0437578
0.0111901, 0.00507909, 0.0438534
0.0112201, 0.00504825, 0.0439482
0.0112501, 0.0050173, 0.0440419
0.0112801, 0.00498625, 0.0441346
0.0113101, 0.0049551, 0.0442264
0.0113401, 0.00492384, 0.0443171
0.0113701, 0.00489248, 0.0444069
0.0114001, 0.00486103, 0.0444956
0.0114301, 0.00482948, 0.0445834
0.0114601, 0.00479784, 0.0446701
0.0114901, 0.00476611, 0.0447558
0.0115201, 0.00473429, 0.0448405
0.0115501, 0.00470238, 0.0449241
0.0115801, 0.00467039, 0.0450067
0.0116101, 0.00463833, 0.0450883
0.0116401, 0.00460618, 0.0451689
0.0116701, 0.00457396, 0.0452483
0.0117001, 0.00454166, 0.0453268
0.0117301, 0.00450929, 0.0454042
0.0117601, 0.00447686, 0.0454805
0.0117901, 0.00444436, 0.0455558
0.0118201, 0.00441179, 0.04563
0.0118501, 0.00437916, 0.0457031
0.0118801, 0.00434647, 0.0457752
0.0119101, 0.00431373, 0.0458462
0.0119401, 0.00428093, 0.0459161
0.0119701, 0.00424808, 0.0459849
0.0120001, 0.00421517, 0.0460527
0.0120301, 0.00418222, 0.0461193
0.0120601, 0.00414923, 0.0461849
0.0120901, 0.00411619, 0.0462493
0.0121201, 0.00408311, 0.0463127
0.0121501, 0.00405, 0.046375
0.0121801, 0.00401685, 0.0464361
0.0122101, 0.00398366, 0.0464962
0.0122401, 0.00395044, 0.0465551
0.0122701, 0.0039172, 0.046613
0.0123001, 0.00388393, 0.0466697
0.0123301, 0.00385063, 0.0467253
0.0123601, 0.00381731, 0.0467798
0.0123901, 0.00378398, 0.0468331
0.0124201, 0.00375062, 0.0468853
0.0124501, 0.00371725, 0.0469364
0.0124801, 0.00368387, 0.0469864
0.0125101, 0.00365048, 0.0470353
0.0125401, 0.00361708, 0.047083
0.0125701, 0.00358368, 0.0471296
0.0126001, 0.00355027, 0.047175
0.0126301, 0.00351686, 0.0472193
0.0126601, 0.00348345, 0.0472625
0.0126901, 0.00345005, 0.0473045
0.0127201, 0.00341665, 0.0473454
0.0127501, 0.00338326, 0.0473851
0.0127801, 0.00334988, 0.0474237
0.0128101, 0.00331652, 0.0474612
0.0128401, 0.00328316, 0.0474975
0.0128701, 0.00324983, 0.0475326
0.0129001, 0.00321652, 0.0475667
0.0129301, 0.00318322, 0.0475995
0.0129601, 0.00314995, 0.0476312
0.0129901, 0.00311671, 0.0476618
0.0130201, 0.00308349, 0.0476912
0.0130501, 0.00305031, 0.0477195
0.0130801, 0.00301715, 0.0477466
0.0131101, 0.00298404, 0.0477726
0.0131401, 0.00295096, 0.0477974
0.0131701, 0.00291791, 0.047821
0.0132001, 0.00288491, 0.0478435
0.0132301, 0.00285195, 0.0478649
0.0132601, 0.00281904, 0.0478851
0.0132901, 0.00278618, 0.0479042
0.0133201, 0.00275336, 0.0479221
0.0133501, 0.0027206, 0.0479388
0.0133801, 0.00268788, 0.0479544
0.0134101, 0.00265523, 0.0479689
0.0134401, 0.00262263, 0.0479822
0.0134701, 0.00259009, 0.0479944
0.0135001, 0.00255762, 0.0480054
0.0135301, 0.0025252, 0.0480153
0.0135601, 0.00249286, 0.048024
0.0135901, 0.00246058, 0.0480316
0.0136201, 0.00242837, 0.0480381
0.0136501, 0.00239623, 0.0480434
0.0136801, 0.00236416, 0.0480476
0.0137101, 0.00233217, 0.0480506
0.0137401, 0.00230026, 0.0480525
0.0137701, 0.00226843, 0.0480533
0.0138001, 0.00223667, 0.048053
0.0138301, 0.002205, 0.0480515
0.0138601, 0.00217342, 0.0480489
0.0138901, 0.00214192, 0.0480451
0.0139201, 0.0021105, 0.0480403
0.0139501, 0.00207918, 0.0480343
0.0139801, 0.00204795, 0.0480272
0.0140101, 0.00201682, 0.048019
0.0140401, 0.00198577, 0.0480097
0.0140701, 0.00195483, 0.0479993
0.0141001, 0.00192398, 0.0479877
0.0141301, 0.00189324, 0.0479751
0.0141601, 0.00186259, 0.0479614
0.0141901, 0.00183205, 0.0479465
0.0142201, 0.00180162, 0.0479306
0.0142501, 0.00177129, 0.0479136
0.0142801, 0.00174107, 0.0478955
0.0143101, 0.00171095, 0.0478763
0.0143401, 0.00168095, 0.047856
0.0143701, 0.00165107, 0.0478346
0.0144001, 0.00162129, 0.0478122
0.0144301, 0.00159164, 0.0477887
0.0144601, 0.0015621, 0.0477641
0.0144901, 0.00153268, 0.0477385
0.0145201, 0.00150338, 0.0477118
0.0145501, 0.0014742, 0.0476841
0.0145801, 0.00144514, 0.0476553
0.0146101, 0.00141621, 0.0476254
0.0146401, 0.0013874, 0.0475945
0.0146701, 0.00135873, 0.0475626
0.0147001, 0.00133017, 0.0475296
0.0147301, 0.00130175, 0.0474956
0.0147601, 0.00127346, 0.0474606
0.0147901, 0.00124531, 0.0474246
0.0148201, 0.00121728, 0.0473875
0.0148501, 0.00118939, 0.0473495
0.0148801, 0.00116164, 0.0473104
0.0149101, 0.00113402, 0.0472703
0.0149401, 0.00110654, 0.0472292
0.0149701, 0.0010792, 0.0471871
0.015, 0.001052, 0.0471441
0.01503, 0.00102494, 0.0471
0.01506, 0.000998029, 0.047055
0.01509, 0.000971257, 0.047009
0.01512, 0.00094463, 0.0469621
0.01515, 0.000918148, 0.0469142
0.01518, 0.000891812, 0.0468653
0.01521, 0.000865624, 0.0468155
0.01524, 0.000839585, 0.0467647
0.01527, 0.000813695, 0.046713
0.0153, 0.000787955, 0.0466604
0.01533, 0.000762366, 0.0466068
0.01536, 0.000736929, 0.0465523
0.01539, 0.000711645, 0.0464969
0.01542, 0.000686514, 0.0464406
0.01545, 0.000661538, 0.0463833
0.01548, 0.000636717, 0.0463252
0.01551, 0.000612052, 0.0462662
0.01554, 0.000587543, 0.0462063
0.01557, 0.000563192, 0.0461455
0.0156, 0.000538999, 0.0460839
0.01563, 0.000514964, 0.0460213
0.01566, 0.000491089, 0.0459579
0.01569, 0.000467373, 0.0458937
0.01572, 0.000443818, 0.0458286
0.01575, 0.000420425, 0.0457627
0.01578, 0.000397192, 0.0456959
0.01581, 0.000374122, 0.0456283
0.01584, 0.000351215, 0.0455599
0.01587, 0.000328471, 0.0454906
0.0159, 0.000305891, 0.0454206
0.01593, 0.000283475, 0.0453497
0.01596, 0.000261223, 0.0452781
0.01599, 0.000239136, 0.0452056
0.01602, 0.000217215, 0.0451324
0.01605, 0.000195459, 0.0450584
0.01608, 0.00017387, 0.0449836
0.01611, 0.000152446, 0.0449081
0.01614, 0.00013119, 0.0448318
0.01617, 0.000110101, 0.0447548
0.0162, 8.91785e-05, 0.044677
0.01623, 6.84239e-05, 0.0445985
0.01626, 4.78371e-05, 0.0445192
0.01629, 2.74182e-05, 0.0444393
0.01632, 7.16756e-06, 0.0443586
0.01635, -1.29148e-05, 0.0442772
0.01638, -3.28286e-05, 0.0441951
0.01641, -5.25738e-05, 0.0441123
0.01644, -7.21502e-05, 0.0440289
0.01647, -9.15578e-05, 0.0439447
0.0165, -0.000110796, 0.0438599
0.01653, -0.000129866, 0.0437744
0.01656, -0.000148767, 0.0436883
0.01659, -0.000167498, 0.0436015
0.01662, -0.000186061, 0.0435141
0.01665, -0.000204454, 0.043426
0.01668, -0.000222679, 0.0433373
0.01671, -0.000240735, 0.043248
0.01674, -0.000258621, 0.0431581
0.01677, -0.000276339, 0.0430676
0.0168, -0.000293888, 0.0429764
0.01683, -0.000311269, 0.0428847
0.01686, -0.000328481, 0.0427924
0.01689, -0.000345525, 0.0426995
0.01692, -0.0003624, 0.0426061
0.01695, -0.000379108, 0.042512
0.01698, -0.000395648, 0.0424175
0.01701, -0.00041202, 0.0423224
0.01704, -0.000428225, 0.0422267
0.01707, -0.000444264, 0.0421305
0.0171, -0.000460135, 0.0420338
0.01713, -0.00047584, 0.0419366
0.01716, -0.000491378, 0.0418388
0.01719, -0.000506751, 0.0417406
0.01722, -0.000521958, 0.0416418
0.01725, -0.000537, 0.0415426
0.01728, -0.000551877, 0.0414429
0.01731, -0.00056659, 0.0413427
0.01734, -0.000581138, 0.041242
0.01737, -0.000595523, 0.0411409
0.0174, -0.000609745, 0.0410393
0.01743, -0.000623803, 0.0409373
0.01746, -0.0006377, 0.0408348
0.01749, -0.000651434, 0.040732
0.01752, -0.000665007, 0.0406287
0.01755, -0.000678418, 0.0405249
0.01758, -0.000691669, 0.0404208
0.01761, -0.00070476, 0.0403163
0.01764, -0.000717692, 0.0402113
0.01767, -0.000730465, 0.040106
0.0177, -0.000743079, 0.0400003
0.01773, -0.000755535, 0.0398942
0.01776, -0.000767834, 0.0397878
0.01779, -0.000779976, 0.039681
0.01782, -0.000791962, 0.0395739
0.01785, -0.000803793, 0.0394664
0.01788, -0.000815468, 0.0393585
0.01791, -0.000826989, 0.0392504
0.01794, -0.000838357, 0.0391419
0.01797, -0.000849571, 0.0390331
0.018, -0.000860633, 0.038924
0.01803, -0.000871543, 0.0388145
0.01806, -0.000882302, 0.0387048
0.01809, -0.000892911, 0.0385948
0.01812, -0.00090337, 0.0384845
0.01815, -0.000913679, 0.038374
0.01818, -0.000923841, 0.0382632
0.01821, -0.000933855, 0.0381521
0.01824, -0.000943722, 0.0380407
0.01827, -0.000953443, 0.0379291
0.0183, -0.000963018, 0.0378173
0.01833, -0.000972449, 0.0377052
0.01836, -0.000981736, 0.0375929
0.01839, -0.00099088, 0.0374804
0.01842, -0.000999881, 0.0373676
0.01845, -0.00100874, 0.0372547
0.01848, -0.00101746, 0.0371415
0.01851, -0.00102604, 0.0370282
0.01854, -0.00103448, 0.0369146
0.01857, -0.00104278, 0.0368009
0.0186, -0.00105094, 0.036687
0.01863, -0.00105897, 0.0365729
0.01866, -0.00106686, 0.0364587
0.01869, -0.00107461, 0.0363443
0.01872, -0.00108224, 0.0362297
0.01875, -0.00108972, 0.036115
0.01878, -0.00109708, 0.0360002
0.01881, -0.0011043, 0.0358852
0.01884, -0.00111139, 0.0357701
0.01887, -0.00111836, 0.0356549
0.0189, -0.00112519, 0.0355396
0.01893, -0.00113189, 0.0354241
0.01896, -0.00113847, 0.0353086
0.01899, -0.00114492, 0.0351929
0.01902, -0.00115124, 0.0350772
0.01905, -0.00115744, 0.0349613
0.01908, -0.00116352, 0.0348454
0.01911, -0.00116947, 0.0347294
0.01914, -0.0011753, 0.0346134
0.01917, -0.00118101, 0.0344973
0.0192, -0.0011866, 0.0343811
0.01923, -0.00119207, 0.0342648
0.01926, -0.00119742, 0.0341486
0.01929, -0.00120265, 0.0340322
0.01932, -0.00120776, 0.0339159
0.01935, -0.00121276, 0.0337995
0.01938, -0.00121765, 0.0336831
0.01941, -0.00122242, 0.0335666
0.01944, -0.00122707, 0.0334501
0.01947, -0.00123162, 0.0333337
0.0195, -0.00123605, 0.0332172
0.01953, -0.00124037, 0.0331007
0.01956, -0.00124458, 0.0329842
0.01959, -0.00124869, 0.0328678
0.01962, -0.00125268, 0.0327513
0.01965, -0.00125657, 0.0326349
0.01968, -0.00126036, 0.0325185
0.01971, -0.00126403, 0.0324021
0.01974, -0.00126761, 0.0322858
0.01977, -0.00127108, 0.0321694
0.0198, -0.00127445, 0.0320532
0.01983, -0.00127771, 0.031937
0.01986, -0.00128088, 0.0318208
0.01989, -0.00128395, 0.0317047
0.01992, -0.00128692, 0.0315886
0.01995, -0.00128979, 0.0314727
0.01998, -0.00129256, 0.0313567
0.02001, -0.00129524, 0.0312409
0.02004, -0.00129782, 0.0311251
0.02007, -0.00130031, 0.0310095
0.0201, -0.0013027, 0.0308939
0.02013, -0.00130501, 0.0307784
0.02016, -0.00130722, 0.030663
0.02019, -0.00130934, 0.0305476
0.02022, -0.00131137, 0.0304324
0.02025, -0.00131331, 0.0303173
0.02028, -0.00131517, 0.0302024
0.02031, -0.00131694, 0.0300875
0.02034, -0.00131862, 0.0299727
0.02037, -0.00132021, 0.0298581
0.0204, -0.00132173, 0.0297436
0.02043, -0.00132315, 0.0296292
0.02046, -0.0013245, 0.029515
0.02049, -0.00132576, 0.0294009
0.02052, -0.00132695, 0.0292869
0.02055, -0.00132805, 0.0291731
0.02058, -0.00132908, 0.0290594
0.02061, -0.00133002, 0.0289459
0.02064, -0.00133089, 0.0288326
0.02067, -0.00133168, 0.0287194
0.0207, -0.0013324, 0.0286063
0.02073, -0.00133304, 0.0284934
0.02076, -0.00133361, 0.0283807
0.02079, -0.0013341, 0.0282682
0.02082, -0.00133453, 0.0281558
0.02085, -0.00133488, 0.0280437
0.02088, -0.00133516, 0.0279317
0.02091, -0.00133537, 0.0278198
0.02094, -0.00133551, 0.0277082
0.02097, -0.00133558, 0.0275968
0.021, -0.00133559, 0.0274855
0.02103, -0.00133553, 0.0273745
0.02106, -0.0013354, 0.0272636
0.02109, -0.00133521, 0.0271529
0.02112, -0.00133496, 0.0270425
0.02115, -0.00133464, 0.0269322
0.02118, -0.00133426, 0.0268222
0.02121, -0.00133381, 0.0267124
0.02124, -0.00133331, 0.0266028
0.02127, -0.00133275, 0.0264934
0.0213, -0.00133212, 0.0263842
0.02133, -0.00133144, 0.0262753
0.02136, -0.0013307, 0.0261665
0.02139, -0.0013299, 0.026058
0.02142, -0.00132905, 0.0259498
0.02145, -0.00132814, 0.0258417
0.02148, -0.00132718, 0.0257339
0.02151, -0.00132616, 0.0256263
0.02154, -0.00132509, 0.025519
0.02157, -0.00132396, 0.0254119
0.0216, -0.00132279, 0.025305
0.02163, -0.00132156, 0.0251984
0.02166, -0.00132028, 0.0250921
0.02169, -0.00131895, 0.024986
0.02172, -0.00131758, 0.0248801
0.02175, -0.00131615, 0.0247745
0.02178, -0.00131468, 0.0246691
0.02181, -0.00131316, 0.024564
0.02184, -0.00131159, 0.0244592
0.02187, -0.00130998, 0.0243546
0.0219, -0.00130832, 0.0242503
0.02193, -0.00130662, 0.0241462
0.02196, -0.00130488, 0.0240424
0.02199, -0.00130309, 0.0239389
0.02202, -0.00130126, 0.0238356
0.02205, -0.00129939, 0.0237326
0.02208, -0.00129748, 0.0236299
0.02211, -0.00129552, 0.0235274
0.02214, -0.00129353, 0.0234253
0.02217, -0.0012915, 0.0233234
0.0222, -0.00128943, 0.0232217
0.02223, -0.00128732, 0.0231204
0.02226, -0.00128518, 0.0230193
0.02229, -0.001283, 0.0229185
0.02232, -0.00128078, 0.022818
0.02235, -0.00127852, 0.0227178
0.02238, -0.00127624, 0.0226179
0.02241, -0.00127391, 0.0225182
0.02244, -0.00127156, 0.0224188
0.02247, -0.00126917, 0.0223198
0.0225, -0.00126675, 0.022221
0.02253, -0.0012643, 0.0221225
0.02256, -0.00126181, 0.0220243
0.02259, -0.0012593, 0.0219263
0.02262, -0.00125675, 0.0218287
0.02265, -0.00125418, 0.0217314
0.02268, -0.00125157, 0.0216344
0.02271, -0.00124894, 0.0215376
0.02274, -0.00124628, 0.0214412
0.02277, -0.00124359, 0.021345
0.0228, -0.00124087, 0.0212492
0.02283, -0.00123813, 0.0211536
0.02286, -0.00123536, 0.0210584
0.02289, -0.00123257, 0.0209634
0.02292, -0.00122975, 0.0208688
0.02295, -0.00122691, 0.0207745
0.02298, -0.00122404, 0.0206804
0.02301, -0.00122115, 0.0205867
0.02304, -0.00121824, 0.0204932
0.02307, -0.0012153, 0.0204001
0.0231, -0.00121235, 0.0203073
0.02313, -0.00120937, 0.0202148
0.02316, -0.00120637, 0.0201225
0.02319, -0.00120335, 0.0200306
0.02322, -0.00120031, 0.019939
0.02325, -0.00119725, 0.0198477
0.02328, -0.00119417, 0.0197568
0.02331, -0.00119107, 0.0196661
0.02334, -0.00118795, 0.0195757
0.02337, -0.00118482, 0.0194857
0.0234, -0.00118166, 0.0193959
0.02343, -0.00117849, 0.0193065
0.02346, -0.00117531, 0.0192173
0.02349, -0.00117211, 0.0191285
0.02352, -0.00116889, 0.01904
0.02355, -0.00116565, 0.0189518
0.02358, -0.00116241, 0.0188639
0.02361, -0.00115914, 0.0187763
0.02364, -0.00115586, 0.0186891
0.02367, -0.00115257, 0.0186021
0.0237, -0.00114927, 0.0185155
0.02373, -0.00114595, 0.0184291
0.02376, -0.00114262, 0.0183431
0.02379, -0.00113928, 0.0182574
0.02382, -0.00113592, 0.018172
0.02385, -0.00113255, 0.0180869
0.02388, -0.00112918, 0.0180022
0.02391, -0.00112579, 0.0179177
0.02394, -0.00112239, 0.0178335
0.02397, -0.00111898, 0.0177497
0.024, -0.00111556, 0.0176662
0.02403, -0.00111213, 0.017583
0.02406, -0.00110869, 0.0175001
0.02409, -0.00110525, 0.0174175
0.02412, -0.00110179, 0.0173352
0.02415, -0.00109833, 0.0172532
0.02418, -0.00109486, 0.0171716
0.02421, -0.00109138, 0.0170902
0.02424, -0.00108789, 0.0170092
0.02427, -0.0010844, 0.0169284
0.0243, -0.0010809, 0.016848
0.02433, -0.00107739, 0.0167679
0.02436, -0.00107388, 0.0166881
0.02439, -0.00107036, 0.0166086
0.02442, -0.00106683, 0.0165294
0.02445, -0.0010633, 0.0164506
0.02448, -0.00105977, 0.016372
0.02451, -0.00105623, 0.0162938
0.02454, -0.00105269, 0.0162158
0.02457, -0.00104914, 0.0161382
0.0246, -0.00104559, 0.0160609
0.02463, -0.00104203, 0.0159838
0.02466, -0.00103848, 0.0159071
0.02469, -0.00103491, 0.0158307
0.02472, -0.00103135, 0.0157546
0.02475, -0.00102778, 0.0156788
0.02478, -0.00102421, 0.0156033
0.02481, -0.00102064, 0.0155281
0.02484, -0.00101707, 0.0154532
0.02487, -0.0010135, 0.0153786
0.0249, -0.00100992, 0.0153044
0.02493, -0.00100634, 0.0152304
0.02496, -0.00100276, 0.0151567
0.02499, -0.000999184, 0.0150833
0.02502, -0.000995604, 0.0150103
0.02505, -0.000992024, 0.0149375
0.02508, -0.000988443, 0.014865
0.02511, -0.000984863, 0.0147929
0.02514, -0.000981283, 0.014721
0.02517, -0.000977704, 0.0146494
0.0252, -0.000974125, 0.0145781
0.02523, -0.000970548, 0.0145072
0.02526, -0.000966971, 0.0144365
0.02529, -0.000963396, 0.0143661
0.02532, -0.000959822, 0.014296
0.02535, -0.000956249, 0.0142262
0.02538, -0.000952679, 0.0141567
0.02541, -0.000949111, 0.0140875
0.02544, -0.000945544, 0.0140186
0.02547, -0.00094198, 0.01395
0.0255, -0.000938419, 0.0138817
0.02553, -0.00093486, 0.0138136
0.02556, -0.000931304, 0.0137459
0.02559, -0.000927752, 0.0136784
0.02562, -0.000924202, 0.0136113
0.02565, -0.000920656, 0.0135444
0.02568, -0.000917113, 0.0134778
0.02571, -0.000913574, 0.0134115
0.02574, -0.000910038, 0.0133455
0.02577, -0.000906507, 0.0132798
0.0258, -0.000902979, 0.0132143
0.02583, -0.000899456, 0.0131492
0.02586, -0.000895937, 0.0130843
0.02589, -0.000892423, 0.0130197
0.02592, -0.000888913, 0.0129554
0.02595, -0.000885409, 0.0128914
0.02598, -0.000881909, 0.0128276
0.02601, -0.000878414, 0.0127641
0.02604, -0.000874924, 0.012701
0.02607, -0.000871439, 0.012638
0.0261, -0.00086796, 0.0125754
0.02613, -0.000864486, 0.0125131
0.02616, -0.000861018, 0.012451
0.02619, -0.000857556, 0.0123892
0.02622, -0.0008541, 0.0123277
0.02625, -0.000850649, 0.0122664
0.02628, -0.000847205, 0.0122054
0.02631, -0.000843766, 0.0121447
0.02634, -0.000840335, 0.0120843
0.02637, -0.000836909, 0.0120241
0.0264, -0.00083349, 0.0119642
0.02643, -0.000830077, 0.0119046
0.02646, -0.000826672, 0.0118452
0.02649, -0.000823273, 0.0117861
0.02652, -0.000819881, 0.0117273
0.02655, -0.000816495, 0.0116688
0.02658, -0.000813117, 0.0116105
0.02661, -0.000809746, 0.0115524
0.02664, -0.000806382, 0.0114947
0.02667, -0.000803026, 0.0114372
0.0267, -0.000799677, 0.0113799
0.02673, -0.000796335, 0.0113229
0.02676, -0.000793001, 0.0112662
0.02679, -0.000789675, 0.0112098
0.02682, -0.000786356, 0.0111536
0.02685, -0.000783045, 0.0110976
0.02688, -0.000779742, 0.0110419
0.02691, -0.000776447, 0.0109865
0.02694, -0.000773159, 0.0109313
0.02697, -0.00076988, 0.0108764
0.027, -0.000766609, 0.0108217
0.02703, -0.000763346, 0.0107673
0.02706, -0.000760091, 0.0107132
0.02709, -0.000756845, 0.0106592
0.02712, -0.000753607, 0.0106056
0.02715, -0.000750377, 0.0105522
0.02718, -0.000747156, 0.010499
0.02721, -0.000743944, 0.0104461
0.02724, -0.00074074, 0.0103934
0.02727, -0.000737544, 0.010341
0.0273, -0.000734357, 0.0102888
0.02733, -0.00073118, 0.0102369
0.02736, -0.00072801, 0.0101852
0.02739, -0.00072485, 0.0101337
0.02742, -0.000721698, 0.0100825
0.02745, -0.000718556, 0.0100315
0.02748, -0.000715422, 0.00998079
0.02751, -0.000712298, 0.0099303
0.02754, -0.000709182, 0.00988004
0.02757, -0.000706076, 0.00983002
0.0276, -0.000702978, 0.00978024
0.02763, -0.00069989, 0.00973069
0.02766, -0.000696811, 0.00968138
0.02769, -0.000693741, 0.0096323
0.02772, -0.000690681, 0.00958345
0.02775, -0.00068763, 0.00953484
0.02778, -0.000684588, 0.00948646
0.02781, -0.000681555, 0.0094383
0.02784, -0.000678532, 0.00939038
0.02787, -0.000675519, 0.00934268
0.0279, -0.000672514, 0.00929521
0.02793, -0.00066952, 0.00924797
0.02796, -0.000666534, 0.00920095
0.02799, -0.000663559, 0.00915416
0.02802, -0.000660592, 0.00910759
0.02805, -0.000657636, 0.00906124
0.02808, -0.000654689, 0.00901512
0.02811, -0.000651751, 0.00896922
0.02814, -0.000648823, 0.00892353
0.02817, -0.000645905, 0.00887807
0.0282, -0.000642997, 0.00883283
0.02823, -0.000640098, 0.0087878
0.02826, -0.000637208, 0.00874299
0.02829, -0.000634329, 0.0086984
0.02832, -0.000631459, 0.00865402
0.02835, -0.000628599, 0.00860986
0.02838, -0.000625749, 0.00856591
0.02841, -0.000622909, 0.00852217
0.02844, -0.000620078, 0.00847864
0.02847, -0.000617257, 0.00843533
0.0285, -0.000614446, 0.00839222
0.02853, -0.000611645, 0.00834933
0.02856, -0.000608853, 0.00830664
0.02859, -0.000606071, 0.00826416
0.02862, -0.000603299, 0.00822189
0.02865, -0.000600537, 0.00817982
0.02868, -0.000597785, 0.00813796
0.02871, -0.000595043, 0.0080963
0.02874, -0.00059231, 0.00805484
0.02877, -0.000589587, 0.00801359
0.0288, -0.000586875, 0.00797254
0.02883, -0.000584172, 0.00793169
0.02886, -0.000581478, 0.00789104
0.02889, -0.000578795, 0.00785059
0.02892, -0.000576122, 0.00781033
0.02895, -0.000573458, 0.00777028
0.02898, -0.000570804, 0.00773042
0.02901, -0.00056816, 0.00769075
0.02904, -0.000565526, 0.00765128
0.02907, -0.000562902, 0.00761201
0.0291, -0.000560288, 0.00757293
0.02913, -0.000557683, 0.00753404
0.02916, -0.000555088, 0.00749534
0.02919, -0.000552503, 0.00745683
0.02922, -0.000549928, 0.00741851
0.02925, -0.000547363, 0.00738039
0.02928, -0.000544807, 0.00734245
0.02931, -0.000542262, 0.00730469
0.02934, -0.000539726, 0.00726713
0.02937, -0.000537199, 0.00722975
0.0294, -0.000534683, 0.00719255
0.02943, -0.000532176, 0.00715554
0.02946, -0.000529679, 0.00711871
0.02949, -0.000527192, 0.00708207
0.02952, -0.000524715, 0.0070456
0.02955, -0.000522247, 0.00700932
0.02958, -0.000519789, 0.00697322
0.02961, -0.000517341, 0.00693729
0.02964, -0.000514902, 0.00690155
0.02967, -0.000512473, 0.00686598
0.0297, -0.000510054, 0.00683059
0.02973, -0.000507644, 0.00679538
0.02976, -0.000505244, 0.00676034
0.02979, -0.000502854, 0.00672548
0.02982, -0.000500473, 0.00669079
0.02985, -0.000498102, 0.00665627
0.02988, -0.00049574, 0.00662193
0.02991, -0.000493388, 0.00658776
0.02994, -0.000491045, 0.00655375
0.02997, -0.000488712, 0.00651992
0.030045, -0.000488717, 0.00651988
0.03009, -0.000485235, 0.00646945
0.030135, -0.000481775, 0.00641939
0.03018, -0.000478336, 0.00636972
0.030225, -0.000474918, 0.00632041
0.03027, -0.000471521, 0.00627148
0.030315, -0.000468145, 0.00622291
0.03036, -0.00046479, 0.00617471
0.030405, -0.000461457, 0.00612687
0.03045, -0.000458144, 0.0060794
0.030495, -0.000454852, 0.00603228
0.03054, -0.00045158, 0.00598552
0.030585, -0.00044833, 0.00593911
0.03063, -0.000445099, 0.00589305
0.030675, -0.00044189, 0.00584734
0.03072, -0.000438701, 0.00580197
0.030765, -0.000435532, 0.00575695
0.03081, -0.000432384, 0.00571227
0.030855, -0.000429256, 0.00566792
0.0309, -0.000426147, 0.00562392
0.030945, -0.000423059, 0.00558024
0.03099, -0.000419991, 0.0055369
0.031035, -0.000416943, 0.00549389
0.03108, -0.000413915, 0.00545121
0.031125, -0.000410907, 0.00540884
0.03117, -0.000407918, 0.00536681
0.031215, -0.000404948, 0.00532509
0.03126, -0.000401999, 0.00528369
0.031305, -0.000399068, 0.0052426
0.03135, -0.000396157, 0.00520183
0.031395, -0.000393265, 0.00516137
0.03144, -0.000390393, 0.00512121
0.031485, -0.000387539, 0.00508137
0.03153, -0.000384704, 0.00504182
0.031575, -0.000381889, 0.00500258
0.03162, -0.000379092, 0.00496364
0.031665, -0.000376314, 0.004925
0.03171, -0.000373554, 0.00488665
0.031755, -0.000370813, 0.0048486
0.0318, -0.00036809, 0.00481084
0.031845, -0.000365386, 0.00477336
0.03189, -0.0003627, 0.00473618
0.031935, -0.000360032, 0.00469928
0.03198, -0.000357382, 0.00466266
0.032025, -0.000354751, 0.00462632
0.03207, -0.000352137, 0.00459026
0.032115, -0.000349541, 0.00455448
0.03216, -0.000346962, 0.00451898
0.032205, -0.000344401, 0.00448374
0.03225, -0.000341858, 0.00444878
0.032295, -0.000339332, 0.00441409
0.03234, -0.000336824, 0.00437966
0.032385, -0.000334333, 0.0043455
0.03243, -0.000331859, 0.0043116
0.032475, -0.000329402, 0.00427796
0.03252, -0.000326962, 0.00424458
0.032565, -0.000324539, 0.00421146
0.03261, -0.000322133, 0.00417859
0.032655, -0.000319743, 0.00414598
0.0327, -0.00031737, 0.00411362
0.032745, -0.000315014, 0.0040815
0.03279, -0.000312673, 0.00404964
0.032835, -0.00031035, 0.00401802
0.03288, -0.000308042, 0.00398665
0.032925, -0.000305751, 0.00395552
0.03297, -0.000303476, 0.00392462
0.033015, -0.000301216, 0.00389397
0.03306, -0.000298973, 0.00386356
0.033105, -0.000296745, 0.00383338
0.03315, -0.000294533, 0.00380343
0.033195, -0.000292337, 0.00377371
0.03324, -0.000290156, 0.00374423
0.033285, -0.00028799, 0.00371497
0.03333, -0.00028584, 0.00368594
0.033375, -0.000283705, 0.00365714
0.03342, -0.000281585, 0.00362855
0.033465, -0.00027948, 0.00360019
0.03351, -0.00027739, 0.00357205
0.033555, -0.000275315, 0.00354413
0.0336, -0.000273255, 0.00351642
0.033645, -0.00027121, 0.00348893
0.03369, -0.000269179, 0.00346165
0.033735, -0.000267162, 0.00343458
0.03378, -0.00026516, 0.00340773
0.033825, -0.000263172, 0.00338108
0.03387, -0.000261199, 0.00335464
0.033915, -0.000259239, 0.0033284
0.03396, -0.000257294, 0.00330237
0.034005, -0.000255363, 0.00327654
0.03405, -0.000253445, 0.00325091
0.034095, -0.000251542, 0.00322548
0.03414, -0.000249652, 0.00320025
0.034185, -0.000247775, 0.00317521
0.03423, -0.000245913, 0.00315037
0.034275, -0.000244063, 0.00312572
0.03432, -0.000242227, 0.00310127
0.034365, -0.000240405, 0.003077
0.03441, -0.000238595, 0.00305292
0.034455, -0.000236799, 0.00302903
0.0345, -0.000235015, 0.00300533
0.034545, -0.000233245, 0.00298181
0.03459, -0.000231487, 0.00295848
0.034635, -0.000229743, 0.00293532
0.03468, -0.00022801, 0.00291235
0.034725, -0.000226291, 0.00288955
0.03477, -0.000224584, 0.00286693
0.034815, -0.000222889, 0.00284449
0.03486, -0.000221207, 0.00282223
0.034905, -0.000219537, 0.00280014
0.03495, -0.000217879, 0.00277821
0.034995, -0.000216234, 0.00275647
0.03504, -0.0002146, 0.00273489
0.035085, -0.000212979, 0.00271347
0.03513, -0.000211369, 0.00269223
0.035175, -0.000209771, 0.00267115
0.03522, -0.000208185, 0.00265024
0.035265, -0.00020661, 0.00262949
0.03531, -0.000205047, 0.0026089
0.035355, -0.000203495, 0.00258847
0.0354, -0.000201955, 0.0025682
0.035445, -0.000200426, 0.00254809
0.03549, -0.000198909, 0.00252814
0.035535, -0.000197402, 0.00250834
0.03558, -0.000195907, 0.0024887
0.035625, -0.000194423, 0.00246921
0.03567, -0.000192949, 0.00244987
0.035715, -0.000191487, 0.00243068
0.03576, -0.000190035, 0.00241165
0.035805, -0.000188594, 0.00239276
0.03585, -0.000187164, 0.00237402
0.035895, -0.000185744, 0.00235543
0.03594, -0.000184335, 0.00233698
0.035985, -0.000182936, 0.00231868
0.03603, -0.000181548, 0.00230052
0.036075, -0.00018017, 0.0022825
0.03612, -0.000178802, 0.00226462
0.036165, -0.000177444, 0.00224688
0.03621, -0.000176096, 0.00222928
0.036255, -0.000174758, 0.00221182
0.0363, -0.000173431, 0.0021945
0.036345, -0.000172113, 0.00217731
0.03639, -0.000170805, 0.00216025
0.036435, -0.000169506, 0.00214333
0.03648, -0.000168218, 0.00212654
0.036525, -0.000166939, 0.00210988
0.03657, -0.000165669, 0.00209336
0.036615, -0.000164409, 0.00207696
0.03666, -0.000163158, 0.00206069
0.036705, -0.000161917, 0.00204455
0.03675, -0.000160685, 0.00202853
0.036795, -0.000159462, 0.00201264
0.03684, -0.000158248, 0.00199687
0.036885, -0.000157043, 0.00198123
0.03693, -0.000155847, 0.00196571
0.036975, -0.00015466, 0.00195031
0.03702, -0.000153482, 0.00193504
0.037065, -0.000152313, 0.00191988
0.03711, -0.000151153, 0.00190484
0.037155, -0.000150001, 0.00188992
0.0372, -0.000148858, 0.00187511
0.037245, -0.000147724, 0.00186042
0.03729, -0.000146598, 0.00184585
0.037335, -0.00014548, 0.00183139
0.03738, -0.000144371, 0.00181704
0.037425, -0.00014327, 0.00180281
0.03747, -0.000142178, 0.00178869
0.037515, -0.000141093, 0.00177468
0.03756, -0.000140017, 0.00176077
0.037605, -0.000138949, 0.00174698
0.03765, -0.000137889, 0.0017333
0.037695, -0.000136836, 0.00171972
0.03774, -0.000135792, 0.00170625
0.037785, -0.000134756, 0.00169288
0.03783, -0.000133727, 0.00167962
0.037875, -0.000132706, 0.00166646
0.03792, -0.000131693, 0.00165341
0.037965, -0.000130687, 0.00164046
0.03801, -0.000129689, 0.00162761
0.038055, -0.000128699, 0.00161486
0.0381, -0.000127716, 0.00160221
0.038145, -0.00012674, 0.00158966
0.03819, -0.000125772, 0.00157721
0.038235, -0.000124811, 0.00156486
0.03828, -0.000123857, 0.0015526
0.038325, -0.000122911, 0.00154044
0.03837, -0.000121972, 0.00152837
0.038415, -0.000121039, 0.0015164
0.03846, -0.000120114, 0.00150452
0.038505, -0.000119196, 0.00149274
0.03855, -0.000118285, 0.00148105
0.038595, -0.00011738, 0.00146945
0.03864, -0.000116483, 0.00145794
0.038685, -0.000115592, 0.00144652
0.03873, -0.000114708, 0.00143519
0.038775, -0.00011383, 0.00142395
0.03882, -0.00011296, 0.0014128
0.038865, -0.000112096, 0.00140173
0.03891, -0.000111238, 0.00139076
0.038955, -0.000110387, 0.00137987
0.039, -0.000109542, 0.00136906
0.039045, -0.000108704, 0.00135834
0.03909, -0.000107872, 0.0013477
0.039135, -0.000107046, 0.00133715
0.03918, -0.000106227, 0.00132667
0.039225, -0.000105414, 0.00131629
0.03927, -0.000104607, 0.00130598
0.039315, -0.000103806, 0.00129575
0.03936, -0.000103011, 0.00128561
0.039405, -0.000102223, 0.00127554
0.03945, -0.00010144, 0.00126555
0.039495, -0.000100663, 0.00125564
0.03954, -9.9892e-05, 0.00124581
0.039585, -9.91269e-05, 0.00123605
0.03963, -9.83677e-05, 0.00122638
0.039675, -9.76142e-05, 0.00121677
0.03972, -9.68664e-05, 0.00120725
0.039765, -9.61243e-05, 0.00119779
0.03981, -9.53878e-05, 0.00118842
0.039855, -9.46569e-05, 0.00117911
0.0399, -9.39316e-05, 0.00116988
0.039945, -9.32118e-05, 0.00116072
0.03999, -9.24975e-05, 0.00115163
0.040035, -9.17886e-05, 0.00114262
0.04008, -9.10851e-05, 0.00113367
0.040125, -9.0387e-05, 0.0011248
0.04017, -8.96941e-05, 0.00111599
0.040215, -8.90065e-05, 0.00110726
0.04026, -8.83242e-05, 0.00109859
0.040305, -8.76471e-05, 0.00108999
0.04035, -8.69751e-05, 0.00108146
0.040395, -8.63082e-05, 0.00107299
0.04044, -8.56464e-05, 0.00106459
0.040485, -8.49897e-05, 0.00105626
0.04053, -8.43379e-05, 0.00104799
0.040575, -8.36911e-05, 0.00103979
0.04062, -8.30493e-05, 0.00103165
0.040665, -8.24123e-05, 0.00102358
0.04071, -8.17802e-05, 0.00101557
0.040755, -8.11529e-05, 0.00100762
0.0408, -8.05304e-05, 0.000999731
0.040845, -7.99126e-05, 0.000991907
0.04089, -7.92995e-05, 0.000984144
0.040935, -7.86911e-05, 0.000976442
0.04098, -7.80874e-05, 0.000968801
0.041025, -7.74883e-05, 0.000961219
0.04107, -7.68937e-05, 0.000953697
0.041115, -7.63037e-05, 0.000946234
0.04116, -7.57181e-05, 0.00093883
0.041205, -7.51371e-05, 0.000931484
0.04125, -7.45604e-05, 0.000924195
0.041295, -7.39882e-05, 0.000916963
0.04134, -7.34203e-05, 0.000909788
0.041385, -7.28568e-05, 0.00090267
0.04143, -7.22976e-05, 0.000895607
0.041475, -7.17426e-05, 0.0008886
0.04152, -7.11919e-05, 0.000881647
0.041565, -7.06454e-05, 0.000874749
0.04161, -7.01031e-05, 0.000867906
0.041655, -6.95649e-05, 0.000861116
0.0417, -6.90308e-05, 0.000854379
0.041745, -6.85008e-05, 0.000847695
0.04179, -6.79749e-05, 0.000841063
0.041835, -6.7453e-05, 0.000834484
0.04188, -6.6935e-05, 0.000827956
0.041925, -6.6421e-05, 0.000821479
0.04197, -6.5911e-05, 0.000815053
0.042015, -6.54048e-05, 0.000808678
0.04206, -6.49025e-05, 0.000802352
0.042105, -6.44041e-05, 0.000796076
0.04215, -6.39095e-05, 0.00078985
0.042195, -6.34186e-05, 0.000783672
0.04224, -6.29315e-05, 0.000777542
0.042285, -6.24482e-05, 0.000771461
0.04233, -6.19685e-05, 0.000765427
0.042375, -6.14925e-05, 0.000759441
0.04242, -6.10201e-05, 0.000753502
0.042465, -6.05514e-05, 0.000747609
0.04251, -6.00862e-05, 0.000741762
0.042555, -5.96246e-05, 0.000735962
0.0426, -5.91666e-05, 0.000730206
0.042645, -5.8712e-05, 0.000724496
0.04269, -5.82609e-05, 0.000718831
0.042735, -5.78133e-05, 0.00071321
0.04278, -5.73691e-05, 0.000707633
0.042825, -5.69283e-05, 0.0007021
0.04287, -5.64909e-05, 0.00069661
0.042915, -5.60568e-05, 0.000691163
0.04296, -5.5626e-05, 0.000685759
0.043005, -5.51986e-05, 0.000680398
0.04305, -5.47744e-05, 0.000675078
0.043095, -5.43535e-05, 0.0006698
0.04314, -5.39358e-05, 0.000664564
0.043185, -5.35213e-05, 0.000659368
0.04323, -5.31099e-05, 0.000654214
0.043275, -5.27018e-05, 0.000649099
0.04332, -5.22967e-05, 0.000644025
0.043365, -5.18948e-05, 0.00063899
0.04341, -5.14959e-05, 0.000633995
0.043455, -5.11001e-05, 0.00062904
0.0435, -5.07073e-05, 0.000624123
0.043545, -5.03175e-05, 0.000619244
0.04359, -4.99308e-05, 0.000614404
0.043635, -4.95469e-05, 0.000609602
0.04368, -4.91661e-05, 0.000604837
0.043725, -4.87881e-05, 0.00060011
0.04377, -4.84131e-05, 0.00059542
0.043815, -4.80409e-05, 0.000590766
0.04386, -4.76715e-05, 0.000586149
0.043905, -4.73051e-05, 0.000581568
0.04395, -4.69414e-05, 0.000577023
0.043995, -4.65805e-05, 0.000572514
0.04404, -4.62223e-05, 0.00056804
0.044085, -4.5867e-05, 0.000563601
0.04413, -4.55143e-05, 0.000559197
0.044175, -4.51644e-05, 0.000554827
0.04422, -4.48171e-05, 0.000550492
0.044265, -4.44725e-05, 0.000546191
0.04431, -4.41305e-05, 0.000541923
0.044355, -4.37912e-05, 0.000537689
0.0444, -4.34544e-05, 0.000533487
0.044445, -4.31203e-05, 0.000529319
0.04449, -4.27887e-05, 0.000525184
0.044535, -4.24597e-05, 0.000521081
0.04458, -4.21332e-05, 0.00051701
0.044625, -4.18091e-05, 0.000512971
0.04467, -4.14876e-05, 0.000508963
0.044715, -4.11686e-05, 0.000504987
0.04476, -4.08519e-05, 0.000501042
0.044805, -4.05378e-05, 0.000497128
0.04485, -4.0226e-05, 0.000493245
0.044895, -3.99166e-05, 0.000489392
0.04494, -3.96096e-05, 0.000485569
0.044985, -3.9305e-05, 0.000481777
0.04503, -3.90027e-05, 0.000478013
0.045075, -3.87027e-05, 0.00047428
0.04512, -3.8405e-05, 0.000470576
0.045165, -3.81096e-05, 0.0004669
0.04521, -3.78165e-05, 0.000463254
0.045255, -3.75256e-05, 0.000459636
0.0453, -3.7237e-05, 0.000456046
0.045345, -3.69505e-05, 0.000452484
0.04539, -3.66663e-05, 0.000448951
0.045435, -3.63843e-05, 0.000445445
0.04548, -3.61044e-05, 0.000441966
0.045525, -3.58267e-05, 0.000438515
0.04557, -3.55511e-05, 0.000435091
0.045615, -3.52776e-05, 0.000431693
0.04566, -3.50062e-05, 0.000428322
0.045705, -3.47369e-05, 0.000424978
0.04575, -3.44697e-05, 0.00042166
0.045795, -3.42045e-05, 0.000418367
0.04584, -3.39414e-05, 0.000415101
0.045885, -3.36802e-05, 0.00041186
0.04593, -3.34211e-05, 0.000408644
0.045975, -3.3164e-05, 0.000405454
0.04602, -3.29089e-05, 0.000402289
0.046065, -3.26557e-05, 0.000399148
0.04611, -3.24044e-05, 0.000396032
0.046155, -3.21551e-05, 0.00039294
0.0462, -3.19077e-05, 0.000389873
0.046245, -3.16622e-05, 0.000386829
0.04629, -3.14186e-05, 0.00038381
0.046335, -3.11769e-05, 0.000380814
0.04638, -3.0937e-05, 0.000377841
0.046425, -3.0699e-05, 0.000374892
0.04647, -3.04628e-05, 0.000371966
0.046515, -3.02284e-05, 0.000369062
0.04656, -2.99958e-05, 0.000366182
0.046605, -2.9765e-05, 0.000363324
0.04665, -2.9536e-05, 0.000360488
0.046695, -2.93087e-05, 0.000357675
0.04674, -2.90832e-05, 0.000354883
0.046785, -2.88594e-05, 0.000352114
0.04683, -2.86373e-05, 0.000349366
0.046875, -2.84169e-05, 0.000346639
0.04692, -2.81983e-05, 0.000343934
0.046965, -2.79813e-05, 0.00034125
0.04701, -2.7766e-05, 0.000338587
0.047055, -2.75523e-05, 0.000335945
0.0471, -2.73403e-05, 0.000333324
0.047145, -2.71299e-05, 0.000330723
0.04719, -2.69211e-05, 0.000328143
0.047235, -2.67139e-05, 0.000325582
0.04728, -2.65084e-05, 0.000323042
0.047325, -2.63044e-05, 0.000320521
0.04737, -2.61019e-05, 0.000318021
0.047415, -2.59011e-05, 0.000315539
0.04746, -2.57017e-05, 0.000313078
0.047505, -2.55039e-05, 0.000310635
0.04755, -2.53077e-05, 0.000308212
0.047595, -2.51129e-05, 0.000305807
0.04764, -2.49196e-05, 0.000303422
0.047685, -2.47279e-05, 0.000301055
0.04773, -2.45376e-05, 0.000298706
0.047775, -2.43487e-05, 0.000296376
0.04782, -2.41613e-05, 0.000294064
0.047865, -2.39754e-05, 0.00029177
0.04791, -2.37908e-05, 0.000289495
0.047955, -2.36077e-05, 0.000287237
0.048, -2.3426e-05, 0.000284996
0.048045, -2.32458e-05, 0.000282773
0.04809, -2.30668e-05, 0.000280568
0.048135, -2.28893e-05, 0.000278379
0.04818, -2.27131e-05, 0.000276208
0.048225, -2.25383e-05, 0.000274054
0.04827, -2.23649e-05, 0.000271917
0.048315, -2.21927e-05, 0.000269796
0.04836, -2.20219e-05, 0.000267692
0.048405, -2.18524e-05, 0.000265605
0.04845, -2.16842e-05, 0.000263533
0.048495, -2.15173e-05, 0.000261478
0.04854, -2.13517e-05, 0.000259439
0.048585, -2.11874e-05, 0.000257416
0.04863, -2.10243e-05, 0.000255409
0.048675, -2.08624e-05, 0.000253417
0.04872, -2.07019e-05, 0.000251441
0.048765, -2.05425e-05, 0.000249481
0.04881, -2.03844e-05, 0.000247536
0.048855, -2.02275e-05, 0.000245606
0.0489, -2.00718e-05, 0.000243691
0.048945, -1.99173e-05, 0.000241791
0.04899, -1.9764e-05, 0.000239906
0.049035, -1.96119e-05, 0.000238035
0.04908, -1.94609e-05, 0.00023618
0.049125, -1.93111e-05, 0.000234338
0.04917, -1.91625e-05, 0.000232512
0.049215, -1.9015e-05, 0.000230699
0.04926, -1.88686e-05, 0.000228901
0.049305, -1.87233e-05, 0.000227116
0.04935, -1.85792e-05, 0.000225346
0.049395, -1.84362e-05, 0.000223589
0.04944, -1.82943e-05, 0.000221846
0.049485, -1.81535e-05, 0.000220117
0.04953, -1.80137e-05, 0.000218401
0.049575, -1.78751e-05, 0.000216699
0.04962, -1.77375e-05, 0.00021501
0.049665, -1.76009e-05, 0.000213334
0.04971, -1.74654e-05, 0.000211672
0.049755, -1.7331e-05, 0.000210022
0.0498, -1.71976e-05, 0.000208385
0.049845, -1.70652e-05, 0.000206761
0.04989, -1.69338e-05, 0.00020515
0.049935, -1.68035e-05, 0.000203551
0.04998, -1.66741e-05, 0.000201964
0.050025, -1.65458e-05, 0.000200391
0.05007, -1.64184e-05, 0.000198829
0.050115, -1.6292e-05, 0.00019728
0.05016, -1.61666e-05, 0.000195742
0.050205, -1.60421e-05, 0.000194217
0.05025, -1.59186e-05, 0.000192704
0.050295, -1.57961e-05, 0.000191202
0.05034, -1.56745e-05, 0.000189712
0.050385, -1.55538e-05, 0.000188234
0.05043, -1.54341e-05, 0.000186767
0.050475, -1.53153e-05, 0.000185312
0.05052, -1.51974e-05, 0.000183868
0.050565, -1.50804e-05, 0.000182436
0.05061, -1.49643e-05, 0.000181014
0.050655, -1.48491e-05, 0.000179604
0.0507, -1.47348e-05, 0.000178205
0.050745, -1.46213e-05, 0.000176816
0.05079, -1.45088e-05, 0.000175439
0.050835, -1.43971e-05, 0.000174072
0.05088, -1.42862e-05, 0.000172716
0.050925, -1.41762e-05, 0.000171371
0.05097, -1.40671e-05, 0.000170036
0.051015, -1.39588e-05, 0.000168711
0.05106, -1.38514e-05, 0.000167397
0.051105, -1.37447e-05, 0.000166093
0.05115, -1.36389e-05, 0.000164799
0.051195, -1.35339e-05, 0.000163516
0.05124, -1.34297e-05, 0.000162242
0.051285, -1.33263e-05, 0.000160978
0.05133, -1.32237e-05, 0.000159724
0.051375, -1.31219e-05, 0.00015848
0.05142, -1.30209e-05, 0.000157246
0.051465, -1.29206e-05, 0.000156021
0.05151, -1.28212e-05, 0.000154806
0.051555, -1.27225e-05, 0.000153601
0.0516, -1.26245e-05, 0.000152404
0.051645, -1.25273e-05, 0.000151217
0.05169, -1.24309e-05, 0.00015004
0.051735, -1.23352e-05, 0.000148871
0.05178, -1.22402e-05, 0.000147712
0.051825, -1.2146e-05, 0.000146562
0.05187, -1.20525e-05, 0.00014542
0.051915, -1.19597e-05, 0.000144288
0.05196, -1.18676e-05, 0.000143165
0.052005, -1.17762e-05, 0.00014205
0.05205, -1.16856e-05, 0.000140944
0.052095, -1.15956e-05, 0.000139846
0.05214, -1.15063e-05, 0.000138757
0.052185, -1.14177e-05, 0.000137677
0.05223, -1.13298e-05, 0.000136605
0.052275, -1.12426e-05, 0.000135541
0.05232, -1.11561e-05, 0.000134486
0.052365, -1.10702e-05, 0.000133439
0.05241, -1.09849e-05, 0.0001324
0.052455, -1.09004e-05, 0.000131369
0.0525, -1.08164e-05, 0.000130346
0.052545, -1.07332e-05, 0.000129332
0.05259, -1.06505e-05, 0.000128325
0.052635, -1.05685e-05, 0.000127326
0.05268, -1.04872e-05, 0.000126335
0.052725, -1.04064e-05, 0.000125351
0.05277, -1.03263e-05, 0.000124375
0.052815, -1.02468e-05, 0.000123407
0.05286, -1.01679e-05, 0.000122447
0.052905, -1.00896e-05, 0.000121493
0.05295, -1.00119e-05, 0.000120548
0.052995, -9.93485e-06, 0.000119609
0.05304, -9.85836e-06, 0.000118678
0.053085, -9.78246e-06, 0.000117755
0.05313, -9.70714e-06, 0.000116838
0.053175, -9.63241e-06, 0.000115929
0.05322, -9.55825e-06, 0.000115026
0.053265, -9.48466e-06, 0.000114131
0.05331, -9.41163e-06, 0.000113243
0.053355, -9.33917e-06, 0.000112361
0.0534, -9.26726e-06, 0.000111487
0.053445, -9.19591e-06, 0.000110619
0.05349, -9.12511e-06, 0.000109758
0.053535, -9.05486e-06, 0.000108904
0.05358, -8.98514e-06, 0.000108057
0.053625, -8.91596e-06, 0.000107216
0.05367, -8.84732e-06, 0.000106381
0.053715, -8.7792e-06, 0.000105553
0.05376, -8.71161e-06, 0.000104732
0.053805, -8.64453e-06, 0.000103917
0.05385, -8.57798e-06, 0.000103108
0.053895, -8.51193e-06, 0.000102306
0.05394, -8.4464e-06, 0.00010151
0.053985, -8.38137e-06, 0.00010072
0.05403, -8.31684e-06, 9.99365e-05
0.054075, -8.2528e-06, 9.91588e-05
0.05412, -8.18926e-06, 9.83873e-05
0.054165, -8.12621e-06, 9.76218e-05
0.05421, -8.06365e-06, 9.68622e-05
0.054255, -8.00156e-06, 9.61086e-05
0.0543, -7.93995e-06, 9.53608e-05
0.054345, -7.87882e-06, 9.46189e-05
0.05439, -7.81816e-06, 9.38827e-05
0.054435, -7.75797e-06, 9.31523e-05
0.05448, -7.69824e-06, 9.24276e-05
0.054525, -7.63897e-06, 9.17085e-05
0.05457, -7.58015e-06, 9.09951e-05
0.054615, -7.52179e-06, 9.02871e-05
0.05466, -7.46388e-06, 8.95848e-05
0.054705, -7.40641e-06, 8.88878e-05
0.05475, -7.34939e-06, 8.81964e-05
0.054795, -7.2928e-06, 8.75103e-05
0.05484, -7.23665e-06, 8.68295e-05
0.054885, -7.18094e-06, 8.61541e-05
0.05493, -7.12565e-06, 8.54839e-05
0.054975, -7.07079e-06, 8.4819e-05
0.05502, -7.01635e-06, 8.41592e-05
0.055065, -6.96233e-06, 8.35046e-05
0.05511, -6.90872e-06, 8.2855e-05
0.055155, -6.85553e-06, 8.22106e-05
0.0552, -6.80275e-06, 8.15711e-05
0.055245, -6.75037e-06, 8.09366e-05
0.05529, -6.6984e-06, 8.03071e-05
0.055335, -6.64683e-06, 7.96825e-05
0.05538, -6.59565e-06, 7.90628e-05
0.055425, -6.54487e-06, 7.84478e-05
0.05547, -6.49448e-06, 7.78377e-05
0.055515, -6.44448e-06, 7.72323e-05
0.05556, -6.39486e-06, 7.66317e-05
0.055605, -6.34562e-06, 7.60357e-05
0.05565, -6.29677e-06, 7.54444e-05
0.055695, -6.24829e-06, 7.48576e-05
0.05574, -6.20018e-06, 7.42755e-05
0.055785, -6.15244e-06, 7.36979e-05
0.05583, -6.10508e-06, 7.31247e-05
0.055875, -6.05807e-06, 7.25561e-05
0.05592, -6.01143e-06, 7.19918e-05
0.055965, -5.96515e-06, 7.1432e-05
0.05601, -5.91922e-06, 7.08765e-05
0.056055, -5.87365e-06, 7.03254e-05
0.0561, -5.82843e-06, 6.97785e-05
0.056145, -5.78355e-06, 6.92359e-05
0.05619, -5.73902e-06, 6.86976e-05
0.056235, -5.69484e-06, 6.81634e-05
0.05628, -5.65099e-06, 6.76334e-05
0.056325, -5.60749e-06, 6.71075e-05
0.05637, -5.56431e-06, 6.65857e-05
0.056415, -5.52147e-06, 6.6068e-05
0.05646, -5.47896e-06, 6.55543e-05
0.056505, -5.43678e-06, 6.50446e-05
0.05655, -5.39492e-06, 6.45389e-05
0.056595, -5.35339e-06, 6.40371e-05
0.05664, -5.31217e-06, 6.35392e-05
0.056685, -5.27127e-06, 6.30452e-05
0.05673, -5.23069e-06, 6.2555e-05
0.056775, -5.19042e-06, 6.20687e-05
0.05682, -5.15046e-06, 6.15861e-05
0.056865, -5.1108e-06, 6.11073e-05
0.05691, -5.07146e-06, 6.06323e-05
0.056955, -5.03241e-06, 6.01609e-05
0.057, -4.99367e-06, 5.96932e-05
0.057045, -4.95522e-06, 5.92292e-05
0.05709, -4.91707e-06, 5.87687e-05
0.057135, -4.87922e-06, 5.83118e-05
0.05718, -4.84165e-06, 5.78585e-05
0.057225, -4.80438e-06, 5.74088e-05
0.05727, -4.76739e-06, 5.69625e-05
0.057315, -4.73069e-06, 5.65197e-05
0.05736, -4.69427e-06, 5.60804e-05
0.057405, -4.65813e-06, 5.56444e-05
0.05745, -4.62227e-06, 5.52119e-05
0.057495, -4.58668e-06, 5.47827e-05
0.05754, -4.55137e-06, 5.43569e-05
0.057585, -4.51633e-06, 5.39344e-05
0.05763, -4.48156e-06, 5.35151e-05
0.057675, -4.44706e-06, 5.30992e-05
0.05772, -4.41282e-06, 5.26865e-05
0.057765, -4.37885e-06, 5.22769e-05
0.05781, -4.34514e-06, 5.18706e-05
0.057855, -4.31169e-06, 5.14675e-05
0.0579, -4.27849e-06, 5.10674e-05
0.057945, -4.24556e-06, 5.06705e-05
0.05799, -4.21287e-06, 5.02767e-05
0.058035, -4.18044e-06, 4.98859e-05
0.05808, -4.14826e-06, 4.94982e-05
0.058125, -4.11632e-06, 4.91135e-05
0.05817, -4.08463e-06, 4.87318e-05
0.058215, -4.05319e-06, 4.83531e-05
0.05826, -4.02198e-06, 4.79773e-05
0.058305, -3.99102e-06, 4.76044e-05
0.05835, -3.9603e-06, 4.72345e-05
0.058395, -3.92981e-06, 4.68674e-05
0.05844, -3.89956e-06, 4.65032e-05
0.058485, -3.86954e-06, 4.61418e-05
0.05853, -3.83975e-06, 4.57832e-05
0.058575, -3.81019e-06, 4.54274e-05
0.05862, -3.78086e-06, 4.50744e-05
0.058665, -3.75176e-06, 4.47241e-05
0.05871, -3.72287e-06, 4.43765e-05
0.058755, -3.69422e-06, 4.40317e-05
0.0588, -3.66578e-06, 4.36895e-05
0.058845, -3.63756e-06, 4.335e-05
0.05889, -3.60956e-06, 4.30132e-05
0.058935, -3.58177e-06, 4.26789e-05
0.05898, -3.5542e-06, 4.23473e-05
0.059025, -3.52684e-06, 4.20182e-05
0.05907, -3.49969e-06, 4.16917e-05
0.059115, -3.47275e-06, 4.13678e-05
0.05916, -3.44602e-06, 4.10463e-05
0.059205, -3.41949e-06, 4.07274e-05
0.05925, -3.39317e-06, 4.04109e-05
0.059295, -3.36705e-06, 4.00969e-05
0.05934, -3.34114e-06, 3.97854e-05
0.059385, -3.31542e-06, 3.94762e-05
0.05943, -3.2899e-06, 3.91695e-05
0.059475, -3.26457e-06, 3.88652e-05
0.05952, -3.23944e-06, 3.85632e-05
0.059565, -3.21451e-06, 3.82636e-05
0.05961, -3.18977e-06, 3.79663e-05
0.059655, -3.16521e-06, 3.76713e-05
0.0597, -3.14085e-06, 3.73786e-05
0.059745, -3.11668e-06, 3.70882e-05
0.05979, -3.09269e-06, 3.68e-05
0.059835, -3.06888e-06, 3.65141e-05
0.05988, -3.04526e-06, 3.62304e-05
0.059925, -3.02182e-06, 3.59489e-05
0.05997, -2.99856e-06, 3.56696e-05
0.060015, -2.97548e-06, 3.53925e-05
0.06006, -2.95258e-06, 3.51175e-05
0.060105, -2.92986e-06, 3.48447e-05
0.06015, -2.90731e-06, 3.4574e-05
0.060195, -2.88493e-06, 3.43054e-05
0.06024, -2.86273e-06, 3.40388e-05
0.060285, -2.84069e-06, 3.37744e-05
0.06033, -2.81883e-06, 3.3512e-05
0.060375, -2.79714e-06, 3.32517e-05
0.06042, -2.77561e-06, 3.29933e-05
0.060465, -2.75425e-06, 3.2737e-05
0.06051, -2.73305e-06, 3.24827e-05
0.060555, -2.71202e-06, 3.22303e-05
0.0606, -2.69114e-06, 3.19799e-05
0.060645, -2.67043e-06, 3.17315e-05
0.06069, -2.64988e-06, 3.1485e-05
0.060735, -2.62949e-06, 3.12404e-05
0.06078, -2.60925e-06, 3.09977e-05
0.060825, -2.58917e-06, 3.07569e-05
0.06087, -2.56925e-06, 3.0518e-05
0.060915, -2.54948e-06, 3.02809e-05
0.06096, -2.52986e-06, 3.00456e-05
0.061005, -2.51039e-06, 2.98122e-05
0.06105, -2.49107e-06, 2.95806e-05
0.061095, -2.4719e-06, 2.93508e-05
0.06114, -2.45288e-06, 2.91228e-05
0.061185, -2.434e-06, 2.88966e-05
0.06123, -2.41527e-06, 2.86721e-05
0.061275, -2.39669e-06, 2.84494e-05
0.06132, -2.37825e-06, 2.82284e-05
0.061365, -2.35995e-06, 2.80091e-05
0.06141, -2.34179e-06, 2.77915e-05
0.061455, -2.32377e-06, 2.75756e-05
0.0615, -2.30589e-06, 2.73614e-05
0.061545, -2.28814e-06, 2.71489e-05
0.06159, -2.27054e-06, 2.6938e-05
0.061635, -2.25307e-06, 2.67287e-05
0.06168, -2.23573e-06, 2.65211e-05
0.061725, -2.21853e-06, 2.63151e-05
0.06177, -2.20146e-06, 2.61106e-05
0.061815, -2.18452e-06, 2.59078e-05
0.06186, -2.16772e-06, 2.57065e-05
0.061905, -2.15104e-06, 2.55068e-05
0.06195, -2.13449e-06, 2.53087e-05
0.061995, -2.11807e-06, 2.51121e-05
0.06204, -2.10177e-06, 2.4917e-05
0.062085, -2.0856e-06, 2.47235e-05
0.06213, -2.06956e-06, 2.45314e-05
0.062175, -2.05364e-06, 2.43408e-05
0.06222, -2.03784e-06, 2.41518e-05
0.062265, -2.02216e-06, 2.39641e-05
0.06231, -2.00661e-06, 2.3778e-05
0.062355, -1.99117e-06, 2.35933e-05
0.0624, -1.97585e-06, 2.341e-05
0.062445, -1.96066e-06, 2.32281e-05
0.06249, -1.94557e-06, 2.30477e-05
0.062535, -1.93061e-06, 2.28686e-05
0.06258, -1.91576e-06, 2.2691e-05
0.062625, -1.90102e-06, 2.25147e-05
0.06267, -1.8864e-06, 2.23398e-05
0.062715, -1.87189e-06, 2.21663e-05
0.06276, -1.85749e-06, 2.19941e-05
0.062805, -1.84321e-06, 2.18232e-05
0.06285, -1.82903e-06, 2.16537e-05
0.062895, -1.81496e-06, 2.14855e-05
0.06294, -1.80101e-06, 2.13185e-05
0.062985, -1.78716e-06, 2.11529e-05
0.06303, -1.77341e-06, 2.09886e-05
0.063075, -1.75977e-06, 2.08255e-05
0.06312, -1.74624e-06, 2.06637e-05
0.063165, -1.73281e-06, 2.05032e-05
0.06321, -1.71949e-06, 2.03439e-05
0.063255, -1.70626e-06, 2.01859e-05
0.0633, -1.69314e-06, 2.0029e-05
0.063345, -1.68012e-06, 1.98734e-05
0.06339, -1.66721e-06, 1.9719e-05
0.063435, -1.65439e-06, 1.95658e-05
0.06348, -1.64167e-06, 1.94138e-05
0.063525, -1.62904e-06, 1.9263e-05
0.06357, -1.61652e-06, 1.91133e-05
0.063615, -1.60409e-06, 1.89648e-05
0.06366, -1.59176e-06, 1.88175e-05
0.063705, -1.57952e-06, 1.86713e-05
0.06375, -1.56738e-06, 1.85262e-05
0.063795, -1.55533e-06, 1.83822e-05
0.06384, -1.54337e-06, 1.82394e-05
0.063885, -1.53151e-06, 1.80977e-05
0.06393, -1.51974e-06, 1.79571e-05
0.063975, -1.50805e-06, 1.78175e-05
0.06402, -1.49646e-06, 1.76791e-05
0.064065, -1.48496e-06, 1.75417e-05
0.06411, -1.47355e-06, 1.74054e-05
0.064155, -1.46222e-06, 1.72701e-05
0.0642, -1.45098e-06, 1.71359e-05
0.064245, -1.43983e-06, 1.70028e-05
0.06429, -1.42877e-06, 1.68706e-05
0.064335, -1.41779e-06, 1.67395e-05
0.06438, -1.40689e-06, 1.66094e-05
0.064425, -1.39608e-06, 1.64804e-05
0.06447, -1.38535e-06, 1.63523e-05
0.064515, -1.37471e-06, 1.62252e-05
0.06456, -1.36414e-06, 1.60991e-05
0.064605, -1.35366e-06, 1.5974e-05
0.06465, -1.34326e-06, 1.58498e-05
0.064695, -1.33294e-06, 1.57266e-05
0.06474, -1.3227e-06, 1.56044e-05
0.064785, -1.31254e-06, 1.54831e-05
0.06483, -1.30246e-06, 1.53628e-05
0.064875, -1.29245e-06, 1.52434e-05
0.06492, -1.28252e-06, 1.51249e-05
0.064965, -1.27267e-06, 1.50073e-05
0.06501, -1.2629e-06, 1.48906e-05
0.065055, -1.2532e-06, 1.47749e-05
0.0651, -1.24357e-06, 1.466e-05
0.065145, -1.23402e-06, 1.45461e-05
0.06519, -1.22454e-06, 1.4433e-05
0.065235, -1.21514e-06, 1.43208e-05
0.06528, -1.20581e-06, 1.42094e-05
0.065325, -1.19655e-06, 1.40989e-05
0.06537, -1.18736e-06, 1.39893e-05
0.065415, -1.17825e-06, 1.38806e-05
0.06546, -1.1692e-06, 1.37726e-05
0.065505, -1.16022e-06, 1.36655e-05
0.06555, -1.15132e-06, 1.35593e-05
0.065595, -1.14248e-06, 1.34538e-05
0.06564, -1.13371e-06, 1.33492e-05
0.065685, -1.12501e-06, 1.32454e-05
0.06573, -1.11637e-06, 1.31424e-05
0.065775, -1.1078e-06, 1.30402e-05
0.06582, -1.0993e-06, 1.29387e-05
0.065865, -1.09087e-06, 1.28381e-05
0.06591, -1.08249e-06, 1.27383e-05
0.065955, -1.07419e-06, 1.26392e-05
0.066, -1.06595e-06, 1.25409e-05
0.066045, -1.05777e-06, 1.24433e-05
0.06609, -1.04965e-06, 1.23465e-05
0.066135, -1.0416e-06, 1.22505e-05
0.06618, -1.03361e-06, 1.21551e-05
0.066225, -1.02568e-06, 1.20606e-05
0.06627, -1.01781e-06, 1.19667e-05
0.066315, -1.01001e-06, 1.18736e-05
0.06636, -1.00226e-06, 1.17812e-05
0.066405, -9.94574e-07, 1.16896e-05
0.06645, -9.86947e-07, 1.15986e-05
0.066495, -9.7938e-07, 1.15083e-05
0.06654, -9.7187e-07, 1.14188e-05
0.066585, -9.64419e-07, 1.13299e-05
0.06663, -9.57025e-07, 1.12417e-05
0.066675, -9.49689e-07, 1.11542e-05
0.06672, -9.42409e-07, 1.10674e-05
0.066765, -9.35186e-07, 1.09812e-05
0.06681, -9.28018e-07, 1.08957e-05
0.066855, -9.20906e-07, 1.08109e-05
0.0669, -9.13849e-07, 1.07267e-05
0.066945, -9.06847e-07, 1.06432e-05
0.06699, -8.99899e-07, 1.05604e-05
0.067035, -8.93004e-07, 1.04781e-05
0.06708, -8.86163e-07, 1.03965e-05
0.067125, -8.79375e-07, 1.03156e-05
0.06717, -8.7264e-07, 1.02352e-05
0.067215, -8.65956e-07, 1.01555e-05
0.06726, -8.59325e-07, 1.00764e-05
0.067305, -8.52744e-07, 9.99789e-06
0.06735, -8.46215e-07, 9.92e-06
0.067395, -8.39736e-07, 9.84272e-06
0.06744, -8.33307e-07, 9.76603e-06
0.067485, -8.26929e-07, 9.68993e-06
0.06753, -8.20599e-07, 9.61442e-06
0.067575, -8.14319e-07, 9.5395e-06
0.06762, -8.08087e-07, 9.46515e-06
0.067665, -8.01904e-07, 9.39138e-06
0.06771, -7.95768e-07, 9.31817e-06
0.067755, -7.8968e-07, 9.24553e-06
0.0678, -7.8364e-07, 9.17345e-06
0.067845, -7.77646e-07, 9.10193e-06
0.06789, -7.71698e-07, 9.03096e-06
0.067935, -7.65797e-07, 8.96054e-06
0.06798, -7.59941e-07, 8.89066e-06
0.068025, -7.54131e-07, 8.82132e-06
0.06807, -7.48366e-07, 8.75252e-06
0.068115, -7.42646e-07, 8.68424e-06
0.06816, -7.3697e-07, 8.61649e-06
0.068205, -7.31338e-07, 8.54927e-06
0.06825, -7.25749e-07, 8.48256e-06
0.068295, -7.20204e-07, 8.41637e-06
0.06834, -7.14703e-07, 8.35068e-06
0.068385, -7.09243e-07, 8.28551e-06
0.06843, -7.03827e-07, 8.22083e-06
0.068475, -6.98452e-07, 8.15666e-06
0.06852, -6.93119e-07, 8.09298e-06
0.068565, -6.87827e-07, 8.02979e-06
0.06861, -6.82577e-07, 7.96708e-06
0.068655, -6.77367e-07, 7.90486e-06
0.0687, -6.72198e-07, 7.84312e-06
0.068745, -6.67069e-07, 7.78185e-06
0.06879, -6.6198e-07, 7.72106e-06
0.068835, -6.5693e-07, 7.66073e-06
0.06888, -6.5192e-07, 7.60087e-06
0.068925, -6.46949e-07, 7.54147e-06
0.06897, -6.42016e-07, 7.48252e-06
0.069015, -6.37122e-07, 7.42403e-06
0.06906, -6.32265e-07, 7.36599e-06
0.069105, -6.27447e-07, 7.3084e-06
0.06915, -6.22666e-07, 7.25125e-06
0.069195, -6.17922e-07, 7.19453e-06
0.06924, -6.13215e-07, 7.13826e-06
0.069285, -6.08545e-07, 7.08241e-06
0.06933, -6.03911e-07, 7.027e-06
0.069375, -5.99313e-07, 6.97201e-06
0.06942, -5.94751e-07, 6.91745e-06
0.069465, -5.90225e-07, 6.8633e-06
0.06951, -5.85734e-07, 6.80957e-06
0.069555, -5.81278e-07, 6.75625e-06
0.0696, -5.76856e-07, 6.70334e-06
0.069645, -5.72469e-07, 6.65084e-06
0.06969, -5.68117e-07, 6.59874e-06
0.069735, -5.63798e-07, 6.54704e-06
0.06978, -5.59513e-07, 6.49574e-06
0.069825, -5.55261e-07, 6.44483e-06
0.06987, -5.51043e-07, 6.39431e-06
0.069915, -5.46857e-07, 6.34418e-06
0.06996, -5.42704e-07, 6.29443e-06
0.070005, -5.38584e-07, 6.24506e-06
0.07005, -5.34495e-07, 6.19607e-06
0.070095, -5.30439e-07, 6.14746e-06
0.07014, -5.26414e-07, 6.09922e-06
0.070185, -5.22421e-07, 6.05135e-06
0.07023, -5.18459e-07, 6.00385e-06
0.070275, -5.14528e-07, 5.95671e-06
0.07032, -5.10628e-07, 5.90993e-06
0.070365, -5.06758e-07, 5.86351e-06
0.07041, -5.02919e-07, 5.81744e-06
0.070455, -4.9911e-07, 5.77173e-06
0.0705, -4.9533e-07, 5.72637e-06
0.070545, -4.9158e-07, 5.68135e-06
0.07059, -4.8786e-07, 5.63668e-06
0.070635, -4.84168e-07, 5.59234e-06
0.07068, -4.80506e-07, 5.54835e-06
0.070725, -4.76872e-07, 5.50469e-06
0.07077, -4.73267e-07, 5.46137e-06
0.070815, -4.6969e-07, 5.41838e-06
0.07086, -4.66141e-07, 5.37571e-06
0.070905, -4.6262e-07, 5.33338e-06
0.07095, -4.59126e-07, 5.29136e-06
0.070995, -4.5566e-07, 5.24966e-06
0.07104, -4.52222e-07, 5.20829e-06
0.071085, -4.4881e-07, 5.16723e-06
0.07113, -4.45425e-07, 5.12648e-06
0.071175, -4.42067e-07, 5.08604e-06
0.07122, -4.38735e-07, 5.04591e-06
0.071265, -4.35429e-07, 5.00608e-06
0.07131, -4.32149e-07, 4.96656e-06
0.071355, -4.28896e-07, 4.92734e-06
0.0714, -4.25667e-07, 4.88842e-06
0.071445, -4.22465e-07, 4.84979e-06
0.07149, -4.19287e-07, 4.81146e-06
0.071535, -4.16135e-07, 4.77342e-06
0.07158, -4.13007e-07, 4.73566e-06
0.071625, -4.09904e-07, 4.6982e-06
0.07167, -4.06826e-07, 4.66102e-06
0.071715, -4.03772e-07, 4.62412e-06
0.07176, -4.00742e-07, 4.5875e-06
0.071805, -3.97736e-07, 4.55116e-06
0.07185, -3.94754e-07, 4.51509e-06
0.071895, -3.91795e-07, 4.4793e-06
0.07194, -3.8886e-07, 4.44377e-06
0.071985, -3.85948e-07, 4.40852e-06
0.07203, -3.83059e-07, 4.37354e-06
0.072075, -3.80193e-07, 4.33882e-06
0.07212, -3.77349e-07, 4.30436e-06
0.072165, -3.74528e-07, 4.27016e-06
0.07221, -3.7173e-07, 4.23622e-06
0.072255, -3.68954e-07, 4.20254e-06
0.0723, -3.662e-07, 4.16911e-06
0.072345, -3.63467e-07, 4.13593e-06
0.07239, -3.60757e-07, 4.10301e-06
0.072435, -3.58068e-07, 4.07033e-06
0.07248, -3.554e-07, 4.0379e-06
0.072525, -3.52754e-07, 4.00572e-06
0.07257, -3.50129e-07, 3.97377e-06
0.072615, -3.47524e-07, 3.94207e-06
0.07266, -3.44941e-07, 3.9106e-06
0.072705, -3.42378e-07, 3.87938e-06
0.07275, -3.39835e-07, 3.84838e-06
0.072795, -3.37313e-07, 3.81762e-06
0.07284, -3.34811e-07, 3.78709e-06
0.072885, -3.32329e-07, 3.75679e-06
0.07293, -3.29867e-07, 3.72672e-06
0.072975, -3.27424e-07, 3.69687e-06
0.07302, -3.25001e-07, 3.66725e-06
0.073065, -3.22598e-07, 3.63785e-06
0.07311, -3.20214e-07, 3.60867e-06
0.073155, -3.17849e-07, 3.5797e-06
0.0732, -3.15503e-07, 3.55096e-06
0.073245, -3.13175e-07, 3.52243e-06
0.07329, -3.10867e-07, 3.49411e-06
0.073335, -3.08577e-07, 3.466e-06
0.07338, -3.06305e-07, 3.4381e-06
0.073425, -3.04052e-07, 3.41041e-06
0.07347, -3.01817e-07, 3.38293e-06
0.073515, -2.996e-07, 3.35565e-06
0.07356, -2.97401e-07, 3.32858e-06
0.073605, -2.9522e-07, 3.3017e-06
0.07365, -2.93056e-07, 3.27503e-06
0.073695, -2.9091e-07, 3.24855e-06
0.07374, -2.88781e-07, 3.22228e-06
0.073785, -2.8667e-07, 3.19619e-06
0.07383, -2.84575e-07, 3.1703e-06
0.073875, -2.82498e-07, 3.1446e-06
0.07392, -2.80437e-07, 3.11909e-06
0.073965, -2.78394e-07, 3.09377e-06
0.07401, -2.76367e-07, 3.06864e-06
0.074055, -2.74356e-07, 3.04369e-06
0.0741, -2.72362e-07, 3.01893e-06
0.074145, -2.70384e-07, 2.99435e-06
0.07419, -2.68422e-07, 2.96995e-06
0.074235, -2.66476e-07, 2.94573e-06
0.07428, -2.64547e-07, 2.92169e-06
0.074325, -2.62633e-07, 2.89782e-06
0.07437, -2.60734e-07, 2.87413e-06
0.074415, -2.58852e-07, 2.85062e-06
0.07446, -2.56984e-07, 2.82728e-06
0.074505, -2.55133e-07, 2.8041e-06
0.07455, -2.53296e-07, 2.7811e-06
0.074595, -2.51474e-07, 2.75827e-06
0.07464, -2.49668e-07, 2.7356e-06
0.074685, -2.47876e-07, 2.7131e-06
0.07473, -2.461e-07, 2.69076e-06
0.074775, -2.44338e-07, 2.66858e-06
0.07482, -2.4259e-07, 2.64657e-06
0.074865, -2.40857e-07, 2.62472e-06
0.07491, -2.39139e-07, 2.60302e-06
0.074955, -2.37434e-07, 2.58148e-06
0.075, -2.35744e-07, 2.5601e-06
